Cluster	Lineage	A1_155	A1_097	A2_101	A2_034	A2_004	A2_044	A2_JCV	F1
CL0001	gypsy	2006	1890	3001	1979	2117	1756	1725	2078
CL0002	gypsy	2596	2699	3880	2690	1975	2658	3246	3029
CL0003	gypsy	2687	2757	2662	3014	2506	2702	3304	2778
CL0004	gypsy	1450	1198	1271	1348	1576	1290	1066	904
CL0005	gypsy	1298	1127	928	1181	1355	1114	914	841
CL0006	gypsy	2101	2264	2842	2795	2071	2574	3339	1193
CL0007	gypsy	2729	2777	3495	3633	2671	3405	4014	362
CL0008	gypsy	1848	1692	1516	1615	1781	1504	1395	1489
CL0009	gypsy	1768	1610	1400	1621	1638	1386	1352	528
CL0010	gypsy	1890	1666	2237	1807	1893	1602	1588	1860
CL0011	gypsy	2089	2086	1810	2070	2054	1810	1945	844
CL0012	gypsy	1567	1773	1533	1996	1369	1873	2494	1226
CL0013	gypsy	1024	942	1047	985	1065	898	773	975
CL0014	LTR	921	934	1123	897	1043	761	756	653
CL0015	gypsy	1533	1821	2077	2015	1575	1872	2462	991
CL0016	gypsy	679	732	910	744	602	696	845	733
CL0017	gypsy	1455	1355	1468	1531	1348	1443	1380	1211
CL0018	gypsy	1482	1467	1340	1884	1283	1717	2285	1277
CL0019	gypsy	289	311	221	323	229	276	336	329
CL0020	gypsy	1592	1740	1882	2186	1717	2138	2844	545
CL0021	gypsy	646	650	443	717	535	662	866	582
CL0022	LTR	493	441	579	487	588	424	345	327
CL0023	gypsy	1565	1607	1548	1732	1446	1650	2074	1681
CL0024	gypsy	1730	1873	3925	2438	2494	2315	2216	21
CL0025	gypsy	1378	1537	1939	1641	1195	1573	1934	801
CL0026	gypsy	784	845	1169	823	798	683	710	601
CL0027	gypsy	1087	1155	996	1245	1113	1186	1390	1141
CL0028	gypsy	319	310	460	289	324	281	235	342
CL0029	gypsy	448	504	523	517	430	474	570	705
CL0030	gypsy	1741	1722	2708	2350	2146	2013	2074	174
CL0031	gypsy	1846	1792	1523	2228	1710	2249	2663	474
CL0032	gypsy	1722	1891	2978	2380	1955	2012	2128	0
CL0033	LTR	438	394	424	416	498	337	280	356
CL0034	gypsy	1438	1389	2357	1342	1593	1274	1244	1405
CL0035	gypsy	264	275	205	248	240	262	259	205
CL0036	gypsy	1481	1765	2603	2112	1722	2221	2557	6
CL0037	gypsy	437	486	329	438	377	453	585	400
CL0038	gypsy	1571	1659	2946	1962	1743	1871	2018	111
CL0039	copia	216	242	332	224	299	193	170	247
CL0040	gypsy	1690	1521	1346	1689	1763	1676	1652	1424
CL0041	gypsy	1148	1272	1366	1568	1219	1537	2067	513
CL0042	gypsy	1443	1411	2216	1545	1523	1540	1638	1599
CL0043	gypsy	498	554	693	490	533	510	527	537
CL0044	gypsy	1171	1219	1881	1118	1183	1028	944	1080
CL0045	gypsy	1519	1509	1799	1810	1404	1636	2228	571
CL0046	gypsy	600	579	505	610	498	585	760	500
CL0047	gypsy	1447	1361	1688	1278	1458	1315	1240	1278
CL0048	gypsy	1068	1175	1057	1360	951	1287	1738	624
CL0049	gypsy	996	1071	1371	978	1020	922	926	986
CL0050	gypsy	1181	1164	1196	1136	1016	1160	1253	407
CL0051	gypsy	375	347	529	360	397	308	292	322
CL0052	LTR	271	258	367	246	290	235	220	255
CL0053	gypsy	49	42	70	59	54	83	87	53
CL0054	gypsy	880	921	1102	1140	841	1065	1394	561
CL0055	gypsy	1157	1075	2241	1405	1504	1315	1345	18
CL0056	gypsy	1384	1248	1816	1549	1426	1346	1177	144
CL0057	gypsy	196	211	165	196	188	190	236	197
CL0058	gypsy	505	453	362	473	438	445	415	402
CL0059	gypsy	271	270	301	257	279	256	230	265
CL0060	gypsy	599	611	643	629	613	651	719	635
CL0061	gypsy	1181	1233	1487	1238	1203	1203	1242	963
CL0062	gypsy	239	228	189	253	187	205	292	196
CL0063	gypsy	1065	1115	906	1080	874	1098	1265	381
CL0064	LTR	84	129	199	241	234	323	363	34
CL0065	gypsy	370	389	480	509	376	494	671	249
CL0066	gypsy	252	269	155	261	213	214	271	294
CL0067	gypsy	1288	1251	1034	1459	1315	1433	1503	190
CL0068	gypsy	237	220	177	217	180	228	217	226
CL0069	gypsy	128	160	106	143	101	135	195	131
CL0070	gypsy	232	198	273	225	240	209	198	215
CL0071	gypsy	857	1008	1229	1375	864	1249	1708	136
CL0072	gypsy	973	1012	897	1019	840	924	1159	319
CL0073	gypsy	569	605	373	673	502	585	842	533
CL0074	gypsy	7	8	12	6	6	8	8	5
CL0075	gypsy	923	976	1654	1314	1033	1161	1328	17
CL0076	gypsy	353	279	546	293	367	323	217	418
CL0077	gypsy	216	222	197	222	194	215	198	232
CL0078	gypsy	105	101	106	101	92	112	128	85
CL0079	gypsy	268	347	240	343	264	316	442	588
CL0080	gypsy	81	183	88	169	51	173	471	149
CL0081	LTR	495	388	393	390	458	381	284	285
CL0082	copia	278	253	304	387	353	400	458	308
CL0083	gypsy	142	147	91	138	105	141	166	159
CL0084	DNA	101	94	104	93	90	87	116	82
CL0085	copia	156	174	141	137	182	139	109	155
CL0086	gypsy	9	13	10	9	13	10	11	13
CL0087	gypsy	171	146	195	152	140	174	181	183
CL0088	gypsy	162	173	133	174	113	195	226	216
CL0089	copia	155	158	133	171	136	153	195	224
CL0090	gypsy	899	893	765	842	906	816	741	297
CL0091	gypsy	207	205	174	208	184	171	233	188
CL0092	gypsy	103	103	114	115	105	114	101	125
CL0093	copia	330	337	252	357	461	353	397	337
CL0094	gypsy	198	216	197	215	164	189	247	220
CL0095	gypsy	722	688	1113	907	924	787	845	360
CL0096	unknown	132	114	136	135	115	159	149	150
CL0097	LTR	350	341	492	386	474	365	323	419
CL0098	copia	231	255	242	385	327	334	372	284
CL0099	gypsy	253	258	321	285	294	245	257	213
CL0100	DNA	76	107	69	73	85	90	113	87
CL0101	gypsy	20	16	19	12	24	24	23	10
CL0102	gypsy	146	136	155	160	180	122	104	123
CL0103	gypsy	72	86	92	81	89	71	73	70
CL0104	gypsy	1011	965	1103	937	993	948	912	68
CL0105	gypsy	42	43	15	26	39	32	33	23
CL0106	LTR	145	135	102	126	172	143	76	138
CL0107	gypsy	295	215	226	251	286	212	128	215
CL0108	gypsy	268	384	140	175	95	384	307	234
CL0109	gypsy	45	111	43	95	16	113	332	93
CL0110	copia	398	455	214	187	270	443	237	296
CL0111	gypsy	90	130	80	122	35	141	318	91
CL0112	gypsy	168	154	113	160	125	139	170	163
CL0113	gypsy	675	639	1136	925	1031	846	816	525
CL0114	gypsy	258	227	211	251	277	191	242	236
CL0115	gypsy	230	207	289	213	211	203	206	144
CL0116	LTR	38	130	45	104	38	145	331	103
CL0117	LTR	166	175	130	197	198	171	203	158
CL0118	copia	79	88	53	91	58	74	94	77
CL0119	gypsy	266	285	174	280	265	311	380	253
CL0120	unknown	320	414	188	184	191	339	232	237
CL0121	LTR	143	148	200	153	170	122	133	145
CL0122	copia	17	107	15	77	19	53	251	121
CL0123	unknown	160	157	171	188	167	164	200	141
CL0124	LTR	80	85	53	73	58	69	81	74
CL0125	gypsy	78	110	63	122	46	122	276	104
CL0126	gypsy	161	153	73	94	152	141	126	105
CL0127	LTR	690	692	1159	728	752	592	700	236
CL0128	gypsy	342	344	193	203	316	404	150	277
CL0129	gypsy	144	135	109	159	98	135	199	148
CL0130	gypsy	173	177	118	172	145	161	147	132
CL0131	gypsy	380	451	297	441	353	442	600	247
CL0132	gypsy	350	372	459	313	369	257	250	306
CL0133	copia	89	101	106	96	83	73	69	98
CL0134	gypsy	818	823	1011	666	715	591	605	15
CL0135	gypsy	402	429	1363	896	797	740	688	0
CL0136	gypsy	80	83	68	123	70	87	140	86
CL0137	gypsy	121	101	144	115	123	94	95	132
CL0138	gypsy	283	341	156	180	190	330	175	256
CL0139	copia	157	190	207	283	228	249	321	246
CL0140	gypsy	42	94	23	83	12	96	274	72
CL0141	gypsy	138	145	112	158	124	139	164	147
CL0142	gypsy	26	37	38	38	44	55	64	39
CL0143	copia	160	130	101	143	121	126	162	155
CL0144	gypsy	66	65	39	64	41	74	80	65
CL0145	unknown	306	326	182	153	192	306	176	222
CL0146	copia	166	180	177	201	187	199	239	31
CL0147	copia	145	114	109	149	215	146	103	137
CL0148	gypsy	122	100	97	122	146	113	85	111
CL0149	gypsy	177	135	191	183	228	145	98	125
CL0150	gypsy	81	86	108	87	109	92	81	74
CL0151	gypsy	98	113	82	90	84	84	112	114
CL0152	gypsy	178	119	97	147	198	135	93	108
CL0153	unknown	50	109	47	110	22	113	222	71
CL0154	gypsy	1	4	3	4	4	0	2	2
CL0155	copia	104	99	92	95	83	89	87	94
CL0156	unknown	88	77	80	66	94	81	75	73
CL0157	gypsy	233	349	138	138	145	252	146	184
CL0158	gypsy	555	485	731	497	586	543	417	543
CL0159	gypsy	0	1	0	0	0	0	2	0
CL0160	gypsy	74	91	92	133	60	100	197	72
CL0161	unknown	252	283	155	144	224	294	128	180
CL0162	gypsy	0	1	1	1	1	2	0	0
CL0163	gypsy	279	304	171	156	176	242	127	172
CL0164	gypsy	277	293	166	159	221	301	119	164
CL0165	gypsy	230	259	174	109	183	219	104	219
CL0166	copia	202	274	156	115	165	255	147	185
CL0167	gypsy	2	0	2	2	4	3	7	4
CL0168	gypsy	82	60	61	100	68	97	98	129
CL0169	gypsy	269	306	122	137	188	291	141	185
CL0170	copia	108	107	60	98	106	85	70	67
CL0171	gypsy	427	497	419	686	395	639	995	38
CL0172	gypsy	173	91	158	155	227	130	81	136
CL0173	copia	104	110	97	102	113	85	79	75
CL0174	gypsy	155	128	127	113	135	113	96	102
CL0175	Unspecified	109	106	117	108	144	135	98	89
CL0176	LTR	85	136	46	78	67	61	78	97
CL0177	gypsy	122	131	112	130	164	119	153	96
CL0178	unknown	411	429	613	576	515	504	622	244
CL0179	gypsy	102	108	127	86	97	95	79	76
CL0180	gypsy	216	293	119	128	137	262	143	185
CL0181	LTR	233	309	136	113	176	260	109	185
CL0182	LTR	364	293	213	245	429	298	176	124
CL0183	Unspecified	120	100	131	123	125	100	101	80
CL0184	LTR	277	261	143	127	246	276	88	204
CL0185	gypsy	660	581	621	478	527	441	369	45
CL0186	copia	202	270	152	124	116	221	120	159
CL0187	gypsy	241	272	145	112	168	232	117	160
CL0188	gypsy	151	203	84	108	44	238	169	108
CL0189	gypsy	320	345	286	367	259	309	440	88
CL0190	gypsy	242	249	155	129	179	204	101	158
CL0191	gypsy	363	361	310	413	352	352	389	176
CL0192	gypsy	183	195	106	179	157	139	200	169
CL0193	gypsy	25	22	23	30	41	33	21	33
CL0194	copia	202	148	186	145	197	153	119	169
CL0195	rRNA	154	198	75	102	53	214	158	145
CL0196	gypsy	31	74	58	87	42	70	207	51
CL0197	copia	205	250	109	103	128	243	120	183
CL0198	gypsy	41	46	46	39	52	41	27	32
CL0199	gypsy	68	57	63	69	48	66	59	57
CL0200	gypsy	92	39	53	64	86	66	36	65
CL0201	gypsy	0	0	0	0	0	0	0	0
CL0202	gypsy	51	51	68	60	54	56	61	45
CL0203	gypsy	110	108	107	103	122	91	62	70
CL0204	LTR	211	217	97	119	164	193	94	160
CL0205	gypsy	81	85	73	77	60	83	66	79
CL0206	gypsy	175	238	103	96	155	195	99	146
CL0207	gypsy	195	230	84	113	105	209	130	114
CL0208	gypsy	201	236	100	110	113	212	108	149
CL0209	gypsy	78	56	66	77	81	74	55	89
CL0210	gypsy	181	207	97	112	113	180	92	141
CL0211	gypsy	53	47	50	45	46	38	50	46
CL0212	gypsy	53	47	36	34	41	32	32	32
CL0213	unknown	184	212	83	101	132	163	79	147
CL0214	copia	89	118	125	132	149	135	148	36
CL0215	copia	171	130	146	129	179	136	82	132
CL0216	gypsy	8	46	11	20	11	32	170	46
CL0217	gypsy	53	56	61	66	58	57	53	48
CL0218	gypsy	285	320	232	321	245	304	349	763
CL0219	gypsy	73	56	70	68	62	54	47	54
CL0220	gypsy	0	0	0	0	0	0	1	0
CL0221	copia	43	50	29	38	42	34	38	48
CL0222	unknown	191	204	90	87	113	214	85	122
CL0223	gypsy	2	2	1	0	1	0	0	0
CL0224	copia	141	194	94	93	83	180	103	139
CL0225	LTR	133	102	39	56	121	90	98	64
CL0226	gypsy	35	43	32	24	13	29	41	26
CL0227	LTR	72	57	90	78	77	58	69	80
CL0228	unknown	181	220	116	93	150	169	104	110
CL0229	LTR	120	136	87	135	136	135	134	175
CL0230	gypsy	113	95	125	90	101	79	70	100
CL0231	gypsy	0	0	0	0	0	0	0	0
CL0232	gypsy	103	92	102	79	115	76	57	67
CL0233	LTR	135	176	92	95	82	165	85	106
CL0234	gypsy	435	468	521	310	242	262	257	10
CL0235	gypsy	41	46	69	57	47	51	47	47
CL0236	gypsy	54	52	47	49	60	38	50	44
CL0237	gypsy	2	2	7	3	1	1	4	5
CL0238	gypsy	0	2	2	2	1	1	2	1
CL0239	gypsy	45	56	50	41	52	43	44	40
CL0240	gypsy	54	44	61	55	46	53	39	45
CL0241	gypsy	75	58	62	68	75	63	48	68
CL0242	LTR	125	100	45	72	138	99	83	69
CL0243	unknown	0	458	0	0	0	1849	0	54
CL0244	copia	17	35	19	35	21	24	21	33
CL0245	gypsy	126	115	59	66	136	98	107	77
CL0246	gypsy	189	194	153	197	172	228	304	83
CL0247	gypsy	161	182	68	81	98	153	87	121
CL0248	gypsy	52	48	44	56	81	45	40	55
CL0249	LTR	185	191	92	74	113	157	69	122
CL0250	LTR	170	160	88	81	109	159	80	104
CL0251	gypsy	85	64	48	71	73	71	65	68
CL0252	gypsy	289	266	384	255	255	230	200	21
CL0253	gypsy	120	150	72	66	85	156	73	93
CL0254	copia	136	139	79	70	61	129	78	85
CL0255	gypsy	6	6	8	11	6	14	6	8
CL0256	copia	111	146	64	69	91	116	69	124
CL0257	gypsy	261	285	268	319	175	296	404	66
CL0258	gypsy	129	143	71	76	111	121	49	88
CL0259	gypsy	73	87	44	72	52	70	89	79
CL0260	copia	46	45	38	49	53	44	42	38
CL0261	LTR	112	162	62	62	80	114	64	83
CL0262	gypsy	252	267	277	259	234	220	203	289
CL0263	gypsy	33	83	18	52	17	38	60	37
CL0264	LTR	97	65	38	48	75	72	41	21
CL0265	gypsy	135	149	56	79	96	111	63	85
CL0266	unknown	55	63	28	46	45	73	58	29
CL0267	gypsy	169	172	412	276	301	229	276	74
CL0268	LTR	143	141	76	67	84	137	80	84
CL0269	unknown	112	133	73	67	57	102	71	74
CL0270	gypsy	145	126	70	66	101	132	34	86
CL0271	gypsy	106	124	74	52	104	125	53	89
CL0272	gypsy	31	15	32	29	12	19	25	26
CL0273	gypsy	125	121	70	59	94	122	64	64
CL0274	copia	55	45	50	59	55	32	51	45
CL0275	gypsy	229	203	281	240	246	195	238	75
CL0276	gypsy	199	220	244	215	258	201	205	125
CL0277	gypsy	0	0	0	0	0	0	0	0
CL0278	gypsy	90	77	45	51	119	72	33	41
CL0279	DNA	110	103	62	55	76	121	57	74
CL0280	gypsy	113	131	52	67	85	143	32	77
CL0281	copia	21	15	19	22	21	24	19	16
CL0282	gypsy	158	174	213	205	147	171	206	171
CL0283	gypsy	31	40	28	34	43	36	25	31
CL0284	gypsy	16	24	24	23	29	26	16	30
CL0285	gypsy	9	11	6	7	3	5	7	31
CL0286	gypsy	56	23	27	50	64	48	23	44
CL0287	LTR	188	162	116	114	198	125	92	44
CL0288	gypsy	13	26	16	24	28	15	16	15
CL0289	copia	43	40	33	49	38	25	35	38
CL0290	LTR	82	81	89	77	66	57	72	43
CL0291	unknown	119	86	42	39	45	95	55	74
CL0292	copia	28	37	25	47	46	30	30	32
CL0293	gypsy	32	24	20	29	27	27	22	29
CL0294	LTR	0	1	6	0	2	0	3	1
CL0295	gypsy	125	140	35	48	123	115	33	54
CL0296	gypsy	22	17	46	29	27	20	23	19
CL0297	gypsy	67	72	47	95	68	71	91	39
CL0298	gypsy	45	41	34	51	46	54	61	50
CL0299	copia	16	26	6	6	5	18	35	9
CL0300	gypsy	30	22	22	20	39	25	15	15
CL0301	unknown	0	0	1	0	1	0	0	3
CL0302	copia	77	96	44	44	55	90	44	53
CL0303	gypsy	146	160	90	153	130	158	169	138
CL0304	gypsy	43	33	45	31	27	39	48	44
CL0305	LTR	51	57	50	35	55	43	36	47
CL0306	gypsy	181	180	218	127	178	109	121	3
CL0307	gypsy	0	0	0	0	0	0	0	0
CL0308	gypsy	26	31	25	23	31	21	19	24
CL0309	LTR	23	23	19	18	23	34	38	28
CL0310	gypsy	91	101	88	95	99	80	106	81
CL0311	gypsy	1	1	2	2	0	0	2	1
CL0312	gypsy	0	0	0	0	0	0	0	0
CL0313	gypsy	31	23	37	24	40	30	18	21
CL0314	gypsy	18	11	19	21	21	14	14	22
CL0315	unknown	27	16	13	17	15	30	24	19
CL0316	gypsy	36	27	34	30	45	21	12	21
CL0317	LTR	30	21	20	18	29	30	16	16
CL0318	copia	25	22	22	25	27	16	21	21
CL0319	gypsy	54	38	32	43	43	52	48	32
CL0320	gypsy	24	26	26	21	18	20	27	14
CL0321	copia	55	79	40	27	49	70	28	29
CL0322	gypsy	97	127	70	117	79	104	142	160
CL0323	gypsy	56	55	49	51	50	33	43	57
CL0324	gypsy	15	25	26	35	14	33	32	19
CL0325	copia	28	21	16	19	14	28	34	25
CL0326	copia	7	2	7	4	7	3	11	5
CL0327	gypsy	12	18	12	19	13	18	15	16
CL0328	gypsy	6	9	4	2	2	5	12	5
CL0329	gypsy	15	18	13	15	20	16	17	20
CL0330	gypsy	138	120	87	103	147	113	94	59
CL0331	unknown	21	23	12	21	21	20	20	18
CL0332	gypsy	28	28	18	14	40	30	18	18
CL0333	gypsy	19	18	25	19	29	18	18	19
CL0334	copia	13	10	18	15	11	10	12	15
CL0335	unknown	17	12	12	14	25	12	8	16
CL0336	unknown	25	27	14	22	20	15	18	12
CL0337	unknown	11	12	4	8	16	3	9	3
CL0338	LTR	19	21	33	19	28	13	13	15
CL0339	gypsy	0	2	2	0	0	0	0	0
CL0340	copia	36	14	10	28	31	23	18	20
CL0341	gypsy	0	0	0	0	0	0	1	0
CL0342	copia	13	19	16	17	20	12	15	17
CL0343	gypsy	89	82	84	79	82	84	85	117
CL0344	gypsy	0	0	0	0	0	0	0	0
CL0345	LTR	22	22	25	21	28	20	13	25
CL0346	DNA	0	0	0	0	0	0	0	0
CL0347	Unspecified	7	15	7	11	3	1	9	7
CL0348	gypsy	53	44	155	122	81	84	114	1
CL0349	gypsy	59	49	17	15	32	55	24	20
CL0350	gypsy	16	12	27	24	20	17	16	16
CL0351	Unspecified	7	8	4	9	8	13	5	13
CL0352	gypsy	12	24	18	22	16	25	17	25
CL0353	unknown	54	63	153	73	96	99	84	7
CL0354	LTR	25	20	22	19	15	16	16	10
CL0355	gypsy	20	21	44	25	44	21	7	26
CL0356	copia	12	10	7	6	10	3	12	27
CL0357	gypsy	0	0	0	0	0	0	0	0
CL0358	unknown	11	6	8	7	10	9	4	11
CL0359	gypsy	10	13	8	11	10	21	21	8
CL0360	gypsy	8	7	11	7	6	11	8	9
CL0361	gypsy	26	21	11	15	26	20	8	25
CL0362	gypsy	13	16	6	13	9	8	10	9
CL0363	unknown	17	14	7	10	13	16	19	15
CL0364	DNA	22	15	33	23	24	26	14	23
CL0365	LTR	20	8	20	11	14	13	11	13
CL0366	Unspecified	62	75	61	58	74	65	53	17
CL0367	gypsy	32	34	30	33	31	38	21	57
CL0368	gypsy	15	8	14	11	10	10	15	12
CL0369	gypsy	69	78	33	91	57	71	91	40
CL0370	gypsy	18	6	23	16	16	20	9	11
CL0371	gypsy	18	10	13	12	9	9	9	12
CL0372	gypsy	2	1	3	9	4	4	3	1
CL0373	gypsy	13	11	8	17	9	13	8	12
CL0374	LTR	36	15	28	31	36	16	18	24
CL0375	gypsy	22	27	43	21	29	23	15	30
CL0376	unknown	14	7	13	11	11	8	12	11
CL0377	gypsy	10	13	17	9	11	10	3	10
CL0378	gypsy	9	1	8	10	7	5	10	8
CL0379	LTR	13	8	15	19	16	9	8	15
CL0380	unknown	14	11	11	13	10	15	12	5
CL0381	gypsy	11	11	14	6	10	9	15	9
CL0382	unknown	66	46	51	50	62	43	55	72
CL0383	unknown	8	9	9	13	10	17	10	9
CL0384	unknown	14	11	9	11	8	14	18	5
CL0385	gypsy	0	0	0	0	0	0	0	0
